397545
1183110
1946020
2673808
3384840
4079284
4759673
5439757
6118704
6763018
7400709
8043569
8700021
9351843
10001957
10650929
11287743
11904692
12512474
13076901
13664763
14255487
14840937
15397655
15937608
16497059
17033867
17576849
18131947
18653741
19181531
19738365
20287282
20797297
21323562
21848734
22406002
22947557
23474408
23961463
24461517
24918592
25408110
25898671
26414904
26912243
27424507
27917501
28434006
28919328
29422003
29903734
30372885
30802051
31215206
31614316
32062292
32486953
32966890
33374577
33806212
34230186
34634135
35055376
35503936
35899948
36244541
36590332
36962414
37369499
37750539
38102239
38442185
38744819
39059845
39412378
39757361
40099797
40478236
40791979
41119243
41424494
41709077
41985597
42285349
42599360
42910310
43205733
43529844
43770939
43989460
44238392
44474847
44714673
44962257
45160100
45342933
45462920
45629519
45772493
45876791
46065420
46222945
46391839
46502352
46605820
46796515
46985566
47066753
47091247
47136364
47211311
47287397
47267936
47314869
47388778
47451506
47522777
47575483
47617563
47660596
47690196
47742294
47796472
47859298
47886996
47907526
47980006
48048910
48084253
48110563
48127007
48116636
48094026
48129960
48120554
48141442
48141456
48120230
48102184
48080939
48039945
48034263
48048047
47998101
47913091
47846049
47755647
47706052
47654205
47624870
47535011
47481579
47333057
47279449
47149133
47007974
46906553
46807015
46675438
46560004
46432595
46250771
46032808
45840715
45689861
45477910
45270407
45002267
44760626
44536060
44230095
43937149
43744851
43490938
43291260
43103183
42857116
42602084
42423588
42223265
42047198
41868204
41666561
41466601
41308781
41104962
40849176
40640519
40380150
40070332
39692221
39391732
39088568
38815431
38565592
38280470
38015018
37754406
37459924
37188416
36961817
36747032
36523052
36243032
35951726
35751279
35460322
35167507
34952838
34713327
34472055
34234852
33968226
33726507
33518101
33303398
33072760
32828236
32540876
32282826
31951078
31607722
31320360
31051168
30817854
30510924
30223629
29937421
29673840
29390726
29130773
28848489
28587017
28261895
27937101
27652404
27333183
27085537
26847289
26584173
26317104
26072255
25808241
25525045
25274633
25024855
24795407
24578830
24338992
24109118
23846799
23573375
23304071
23061182
22820148
22599649
22348340
22103525
21890027
21670210
21469058
21258809
21036753
20770146
20530341
20276940
20006511
19693543
19442634
19191545
18959837
18741217
18493043
18194646
17913661
17603936
17261102
16925803
16617775
16357689
16117599
15845450
15564477
15325341
15127817
14925705
14692230
14453225
14207216
13937483
13622558
13333430
13067273
12795139
12496732
12209380
11920836
11593463
11287769
11036689
10796550
10563194
10314729
10042435
9694089
9303940
8965392
8676069
8423236
8175110
7933552
7699403
7469680
7266122
7099035
6914333
6751492
6618098
6461758
6304164
6156787
6035669
5904010
5769135
5630822
5479592
5354332
5217876
5069881
4908747
4689333
4517613
4348208
4165865
3965391
3781516
3607772
3434042
3249075
3078505
2930493
2751078
2563459
2390946
2248412
2109275
1977142
1837387
1672787
1487849
1331983
1185565
1038227
892747
715965
528679
363505
214577
69849
0
0
0
0
0
0
0
0
0
0
0
0
0
0
0
0
0
0
0
0
0
0
0
0
0
0
0
0
0
0
0
0
0
0
0
0
0
0
0
0
0
0
0
0
0
0
0
0
0
0
0
0
0
0
0
0
0
0
0
0
0
0
0
0
0
0
0
0
0
0
0
0
0
0
0
0
0
0
0
0
0
0
0
0
0
0
0
0
0
0
0
0
0
0
0
0
0
0
0
0
0
0
0
0
0
0
0
0
0
0
0
0
0
0
0
0
0
0
0
0
0
0
0
0
0
0
0
0
0
0
0
0
0
0
0
0
0
0
0
0
0
0
0
0
0
0
0
0
0
0
0
0
0
0
0
0
0
0
0
0
0
0
0
0
0
0
0
0
0
0
0
0
0
0
0
0
0
0
0
0
0
0
0
0
0
0
0
0
0
0
0
0
0
0
0
0
0
0
0
0
0
0
0
0
0
0
0
0
0
0
0
0
0
0
0
0
0
0
0
0
0
0
0
0
0
0
0
0
0
0
0
0
0
0
0
0
0
0
0
0
0
0
0
0
0
0
0
0
0
0
0
0
0
0
0
0
0
0
0
0
0
0
0
0
0
0
0
0
0
0
0
0
0
0
0
0
0
0
0
0
0
0
0
0
0
0
0
0
0
0
0
0
0
0
0
0
0
0
0
0
0
0
0
0
0
0
0
0
0
0
0
0
0
0
0
0
0
0
0
0
0
0
0
0
0
0
0
0
0
0
0
0
0
0
0
0
0
0
0
0
0
0
0
0
0
0
0
0
0
0
0
0
0
0
0
0
0
0
0
0
0
