2355528
4355040
5588274
6483086
7323184
8173654
8985254
9790130
10643450
11408220
12088916
12825160
13524514
14169736
14795310
15507548
16227830
16890462
17464616
18042610
18703894
19387904
20119816
20833484
21485506
22086580
22637290
23159660
23814646
24395042
24820636
25170234
25583220
26092270
26643268
27239346
27862862
28679170
29416402
30147038
30692420
31116318
31411762
31573702
31991662
32620582
33175390
33749084
34319928
34713584
35100170
35402006
35741466
36038350
36517524
36798232
37035416
37508452
37879308
38171190
38528820
39033564
39424936
39586218
39635398
39729866
40072652
40423558
40669318
40970788
41374938
41845822
42264666
42781678
43341236
43792922
44164180
44360782
44556304
44870570
45332836
45680780
45931390
46172100
46443672
46815518
47145942
47560304
48046518
48460940
48882640
49203912
49359384
49653692
49995568
50056942
50112154
50242554
50250600
50483188
50757390
51089000
51391984
51788208
52084214
52364380
52752848
52955846
52918664
52945236
52945046
53003220
53267640
53379522
53512672
53543306
53596140
53571090
53495372
53498472
53284220
53269622
53268118
53281236
53246870
53291890
53313600
53349784
53441256
53531094
53484246
53443042
53593060
53925002
54026056
54112752
54161472
54342306
54508008
54302886
53919178
53682918
53514998
53436446
53208102
53021360
52655024
52259924
51747846
51327978
51066282
50979344
50907914
50785986
50564502
50146324
49809270
49517428
49265166
49057556
48750968
48447950
48204722
47740404
47280738
46867148
46574562
46577748
46481052
46282486
45949030
45801756
45632298
45275850
45073998
45026932
44930070
44643552
44284318
44038278
43795672
43347254
42902456
42787498
42603884
42510622
42169300
41660460
40953160
40380094
39918054
39536768
39047858
38484838
37897328
37381300
36886242
36350956
35676776
35061132
34646778
34189662
33733962
33269420
32892198
32590984
32354230
31934734
31583580
31170788
30663534
30196124
29757760
29400364
28928392
28471608
28158698
27788198
27494956
27005468
26466574
25941288
25456846
25104280
24671408
24231430
23772098
23283288
22858550
22460284
22067082
21732078
21390918
21025594
20788314
20491120
20172464
19865148
19606200
19340846
19020218
18666296
18297046
18051994
17814752
17576430
17333792
17114716
16884586
16628112
16282098
15892600
15699578
15592046
15344608
15049350
14807146
14526540
14356224
14124868
13883012
13616672
13363038
13153892
12933690
12705946
12461718
12193622
11937144
11658404
11372822
11205864
10948210
10692962
10462602
10299382
10118478
9862560
9537526
9244908
9023476
8897596
8703004
8501502
8395000
8221790
8068838
7928930
7799006
7664612
7534822
7409950
7251592
7020522
6747788
6481748
6253722
6083302
5943042
5773790
5628156
5443064
5260210
5036238
4799934
4630580
4506098
4352156
4244252
4169278
4052350
3945144
3834204
3768494
3657780
3580594
3464698
3321042
3183724
3018954
2952438
2908304
2821208
2726380
2639106
2526446
2433658
2349104
2258144
2147702
2036588
1971518
1883938
1827216
1722394
1635276
1558676
1494026
1393924
1320244
1216288
1087624
996692
904712
830178
759512
691288
611922
550662
508768
460844
398746
349096
286522
228326
177680
115580
59824
21312
2438
0
0
0
0
0
0
0
0
0
0
0
0
0
0
0
0
0
0
0
0
0
0
0
0
0
0
0
0
0
0
0
0
0
0
0
0
0
0
0
0
0
0
0
0
0
0
0
0
0
0
0
0
0
0
0
0
0
0
0
0
0
0
0
0
0
0
0
0
0
0
0
0
0
0
0
0
0
0
0
0
0
0
0
0
0
0
0
0
0
0
0
0
0
0
0
0
0
0
0
0
0
0
0
0
0
0
0
0
0
0
0
0
0
0
0
0
0
0
0
0
0
0
0
0
0
0
0
0
0
0
0
0
0
0
0
0
0
0
0
0
0
0
0
0
0
0
0
0
0
0
0
0
0
0
0
0
0
0
0
0
0
0
0
0
0
0
0
0
0
0
0
0
0
0
0
0
0
0
0
0
0
0
0
0
0
0
0
0
0
0
0
0
0
0
0
0
0
0
0
0
0
0
0
0
0
0
0
0
0
0
0
0
0
0
0
0
0
0
0
0
0
0
0
0
0
0
0
0
0
0
0
0
0
0
0
0
0
0
0
0
0
0
0
0
0
0
0
0
0
0
0
0
0
0
0
0
0
0
0
0
0
0
0
0
0
0
0
0
0
0
0
0
0
0
0
0
0
0
0
0
0
0
0
0
0
0
0
0
0
0
0
0
0
0
0
0
0
0
0
0
0
0
0
0
0
0
0
0
0
0
0
0
0
0
0
0
0
0
0
0
0
0
0
0
0
0
0
0
0
0
0
0
0
0
0
0
0
0
0
0
0
0
0
0
0
0
0
0
0
0
0
0
0
0
0
0
0
0
0
0
0
