1141458
2673416
4058178
5272748
6389466
7468286
8468502
9434068
10332728
11201852
12079808
12896676
13689604
14445016
15172954
15922972
16615844
17302342
17952638
18572418
19202818
19816422
20410628
20986472
21554458
22096346
22613852
23166702
23689872
24223204
24716786
25170738
25677686
26137714
26559414
26976770
27414864
27826126
28236412
28636740
29055310
29425358
29806584
30167198
30495252
30876722
31179784
31518040
31882422
32194194
32510410
32810986
33096908
33388130
33711908
33965620
34244782
34509974
34786836
35051820
35307294
35542706
35810604
36068806
36321492
36554012
36776304
37017680
37213182
37436706
37629852
37837746
38000452
38204692
38398582
38563046
38704892
38887586
39054060
39218092
39380440
39530472
39642658
39786852
39915376
40003806
40160536
40305926
40437656
40546782
40647672
40777260
40857620
40955830
41046850
41141670
41243408
41299814
41363044
41439376
41515986
41591286
41653716
41709042
41762844
41841754
41893660
41951630
42004824
41993760
42029390
42100706
42147570
42201088
42245104
42285906
42318736
42364222
42367564
42390536
42411256
42438940
42449816
42446592
42450550
42445682
42436344
42400910
42371068
42361802
42326100
42325128
42294918
42299488
42280118
42272210
42217658
42185314
42156724
42131200
42055080
42014690
41947818
41894534
41840788
41776720
41719676
41662154
41610730
41559338
41500274
41449416
41347578
41256380
41193516
41142178
41055934
40973140
40886458
40768110
40672424
40570868
40517202
40420632
40362644
40278102
40166166
40077416
39989064
39914628
39795882
39683480
39597290
39486816
39387418
39281614
39163932
39052740
38917676
38799416
38642910
38469090
38334582
38170434
38072434
37933104
37798380
37648844
37495568
37347814
37196710
37078780
36943244
36798682
36619194
36453952
36321370
36173316
36018626
35897222
35733022
35550758
35393152
35246288
35084172
34899190
34733206
34579726
34432954
34269714
34075552
33909982
33749982
33553172
33373076
33191202
33033490
32850660
32658590
32440494
32279630
32115914
31901742
31747990
31555362
31350308
31170826
30995540
30802550
30617894
30387840
30168690
29959208
29724314
29517674
29329214
29114698
28872162
28673740
28462996
28261324
28045500
27850958
27662390
27462184
27261218
27053314
26863014
26636734
26454440
26247118
26015084
25812234
25597970
25386662
25201318
24986234
24790870
24559204
24330024
24122020
23897054
23691082
23462038
23241138
22984742
22734616
22476428
22209600
21940370
21692360
21458980
21237356
20986988
20769144
20512430
20295150
20073004
19859688
19631172
19377648
19133470
18908628
18666090
18442440
18222276
17949946
17714166
17461956
17223532
16972692
16733472
16493438
16245274
16016002
15800420
15558154
15326316
15104678
14838700
14559500
14316222
14054214
13785040
13545992
13277648
13031166
12814178
12566556
12308614
12039634
11774826
11526760
11249454
10996736
10767278
10514220
10252504
9976542
9740694
9503472
9256528
8988396
8745088
8532018
8282610
8031626
7770788
7527450
7274820
7034608
6798566
6579774
6327766
6079638
5817500
5575832
5323306
5075578
4851640
4627382
4390426
4166714
3955350
3724202
3480950
3257472
3000882
2774374
2546654
2296688
2053374
1818556
1544768
1291886
1054766
814462
591844
363880
132072
0
0
0
0
0
0
0
0
0
0
0
0
0
0
0
0
0
0
0
0
0
0
0
0
0
0
0
0
0
0
0
0
0
0
0
0
0
0
0
0
0
0
0
0
0
0
0
0
0
0
0
0
0
0
0
0
0
0
0
0
0
0
0
0
0
0
0
0
0
0
0
0
0
0
0
0
0
0
0
0
0
0
0
0
0
0
0
0
0
0
0
0
0
0
0
0
0
0
0
0
0
0
0
0
0
0
0
0
0
0
0
0
0
0
0
0
0
0
0
0
0
0
0
0
0
0
0
0
0
0
0
0
0
0
0
0
0
0
0
0
0
0
0
0
0
0
0
0
0
0
0
0
0
0
0
0
0
0
0
0
0
0
0
0
0
0
0
0
0
0
0
0
0
0
0
0
0
0
0
0
0
0
0
0
0
0
0
0
0
0
0
0
0
0
0
0
0
0
0
0
0
0
0
0
0
0
0
0
0
0
0
0
0
0
0
0
0
0
0
0
0
0
0
0
0
0
0
0
0
0
0
0
0
0
0
0
0
0
0
0
0
0
0
0
0
0
0
0
0
0
0
0
0
0
0
0
0
0
0
0
0
0
0
0
0
0
0
0
0
0
0
0
0
0
0
0
0
0
0
0
0
0
0
0
0
0
0
0
0
0
0
0
0
0
0
0
0
0
0
0
0
0
0
0
0
0
0
0
0
0
0
0
0
0
0
0
0
0
0
0
0
0
0
0
0
0
0
0
0
0
0
0
0
0
0
0
0
0
0
0
0
0
0
0
0
0
0
0
0
0
0
0
0
0
0
0
0
0
0
0
0
