1140386
2674094
4057542
5272656
6390170
7467708
8468434
9434812
10332722
11201742
12079854
12896640
13689046
14445648
15172352
15923536
16615820
17302358
17952124
18572936
19202308
19816894
20410650
20985944
21554976
22096432
22613340
23167168
23689976
24222622
24717182
25170826
25677660
26137244
26559346
26976752
27415406
27825680
28236332
28636868
29055754
29422598
29808880
30167612
30494834
30876824
31180196
31517986
31882380
32194288
32509948
32811462
33096428
33388082
33712386
33965648
34244286
34509980
34786832
35051910
35307652
35542190
35811136
36068822
36321522
36553982
36776244
37017726
37214920
37435014
37629358
37837794
38000878
38204230
38398946
38563126
38704830
38885666
39056026
39217768
39380390
39530788
39642722
39786484
39915778
40003512
40160348
40306344
40437668
40546388
40648122
40776890
40857516
40954788
41048014
41141996
41243016
41301266
41361660
41439710
41516004
41590904
41654060
41708666
41763232
41841728
41893334
41950738
42005716
41993760
42029416
42100724
42147522
42201062
42245230
42284702
42320194
42364232
42366318
42391734
42411334
42438638
42450072
42446314
42450858
42445362
42435532
42401790
42371024
42361806
42326406
42325106
42294894
42298506
42281154
42271938
42218698
42184590
42156474
42131392
42054808
42013738
41948864
41893752
41841762
41777470
41718720
41663082
41610026
41559166
41499358
41450358
41347564
41255412
41195406
41140370
41057002
40973780
40885906
40768054
40672244
40571060
40516112
40421754
40362682
40276950
40167134
40076488
39990196
39914640
39795830
39683490
39597282
39487444
39386600
39281844
39163948
39051952
38919206
38797950
38643646
38469624
38334018
38169572
38073178
37933224
37799092
37647258
37496476
37347202
37197312
37078784
36943736
36798068
36619368
36453786
36320592
36174082
36018624
35897248
35733682
35550224
35393032
35245712
35085554
34898536
34733214
34578994
34433018
34270252
34075566
33910528
33749552
33552616
33373522
33191180
33033626
32850662
32658618
32440368
32279146
32115892
31902220
31748070
31555318
31349892
31171276
30995626
30802540
30618428
30387234
30168766
29958192
29725330
29517676
29329192
29114660
28871206
28675092
28462606
28261312
28045554
27850228
27663330
27462188
27260952
27053364
26862988
26636752
26454434
26247110
26015100
25812240
25597898
25386728
25201238
24986254
24790872
24559232
24330066
24122012
23897060
23691078
23462024
23240982
22984854
22734488
22475966
22210260
21940334
21692374
21458962
21236696
20987682
20769084
20512490
20295000
20072550
19860236
19631234
19377608
19133498
18908138
18666596
18442406
18222274
17949976
17714132
17461990
17223514
16972708
16733446
16493318
16245414
16015994
15800420
15557706
15326766
15104684
14838702
14559504
14315856
14054586
13785084
13546016
13277560
13030842
12814520
12566540
12308624
12039634
11774526
11527104
11249410
10996740
10767310
10514230
10252460
9976542
9740698
9503484
9256524
8988422
8745060
8532016
8282380
8031862
7770802
7527432
7274846
7034410
6798738
6579778
6327784
6079624
5817342
5575992
5323290
5075590
4851636
4627226
4390592
4166706
3955346
3724206
3480946
3257474
3000882
2774372
2546578
2296764
2053374
1818556
1544768
1291844
1054808
814462
591844
363880
132072
0
0
0
0
0
0
0
0
0
0
0
0
0
0
0
0
0
0
0
0
0
0
0
0
0
0
0
0
0
0
0
0
0
0
0
0
0
0
0
0
0
0
0
0
0
0
0
0
0
0
0
0
0
0
0
0
0
0
0
0
0
0
0
0
0
0
0
0
0
0
0
0
0
0
0
0
0
0
0
0
0
0
0
0
0
0
0
0
0
0
0
0
0
0
0
0
0
0
0
0
0
0
0
0
0
0
0
0
0
0
0
0
0
0
0
0
0
0
0
0
0
0
0
0
0
0
0
0
0
0
0
0
0
0
0
0
0
0
0
0
0
0
0
0
0
0
0
0
0
0
0
0
0
0
0
0
0
0
0
0
0
0
0
0
0
0
0
0
0
0
0
0
0
0
0
0
0
0
0
0
0
0
0
0
0
0
0
0
0
0
0
0
0
0
0
0
0
0
0
0
0
0
0
0
0
0
0
0
0
0
0
0
0
0
0
0
0
0
0
0
0
0
0
0
0
0
0
0
0
0
0
0
0
0
0
0
0
0
0
0
0
0
0
0
0
0
0
0
0
0
0
0
0
0
0
0
0
0
0
0
0
0
0
0
0
0
0
0
0
0
0
0
0
0
0
0
0
0
0
0
0
0
0
0
0
0
0
0
0
0
0
0
0
0
0
0
0
0
0
0
0
0
0
0
0
0
0
0
0
0
0
0
0
0
0
0
0
0
0
0
0
0
0
0
0
0
0
0
0
0
0
0
0
0
0
0
0
0
0
0
0
0
0
0
0
0
0
0
0
0
0
0
0
0
0
0
0
0
0
0
0
