2349612
4358948
5586868
6483610
7324888
8172334
8985546
9791408
10643404
11408254
12089006
12825174
13523414
14170872
14794368
15508536
16227808
16890514
17463774
18043402
18703230
19388702
20119778
20832644
21486334
22086664
22636408
23160470
23814676
24394242
24821390
25170288
25583240
26091462
26643302
27239356
27863658
28678444
29416292
30147114
30693134
31113224
31414200
31574436
31991024
32620470
33176154
33749068
34319924
34713510
35099548
35402730
35740742
36038352
36518254
36798276
37034678
37508548
37879206
38171212
38529452
39032918
39425694
39586172
39635450
39729872
40072638
40423534
40671214
40968868
41374418
41845806
42265174
42781134
43341794
43793012
44164082
44358374
44558796
44869986
45332866
45681314
45931340
46171540
46444220
46815008
47145960
47560750
48046570
48460384
48883296
49203306
49359426
49652458
49996730
50057564
50111532
50244286
50248934
50483762
50757370
51088546
51392414
51787710
52084692
52364428
52752336
52954724
52919840
52945248
52945062
53003202
53267558
53379612
53512686
53541924
53598024
53571084
53493848
53499986
53284180
53269202
53268642
53280752
53247340
53291376
53312760
53350748
53441234
53531142
53484638
53443060
53592982
53923664
54027386
54112366
54162886
54341348
54507632
54303314
53918746
53681738
53516244
53435552
53209256
53022268
52653830
52261078
51747092
51327584
51065118
50980628
50907798
50784944
50566758
50144072
49810660
49518256
49264416
49057546
48750682
48448214
48203440
47741678
47280744
46866026
46575460
46576786
46482270
46282514
45949016
45801762
45632342
45276512
45073096
45027230
44929962
44642798
44286010
44036556
43796540
43347900
42901764
42786550
42604666
42510826
42170104
41658678
40954182
40379220
39918906
39536770
39048396
38484134
37897536
37381120
36885588
36351600
35676782
35061140
34647402
34189198
33733830
33268810
32893558
32590402
32354206
31934022
31583596
31171364
30663542
30196698
29757324
29399858
28928810
28471574
28158808
27788240
27494932
27005356
26466190
25941268
25457290
25104252
24671436
24231110
23772416
23283388
22858526
22460626
22066678
21732142
21390182
21026344
20788302
20491100
20172456
19864496
19607120
19340550
19020228
18666320
18296636
18052552
17814754
17576234
17333874
17114710
16884588
16628096
16282090
15892606
15699586
15592006
15344634
15049326
14807164
14526520
14356228
14124904
13883008
13616682
13363030
13153890
12933592
12706004
12461628
12193392
11937522
11658356
11372846
11205838
10947888
10693322
10462588
10299404
10118394
9862318
9537826
9244922
9023456
8897610
8702736
8501778
8395000
8221792
8068842
7928918
7799028
7664604
7534814
7409956
7251540
7020580
6747784
6481750
6253554
6083464
5943040
5773796
5628162
5442894
5260380
5036256
4799930
4630568
4505996
4352256
4244248
4169268
4052364
3945046
3834314
3768480
3657768
3580622
3464694
3321034
3183716
3018960
2952438
2908308
2821208
2726374
2639110
2526378
2433726
2349108
2258138
2147712
2036506
1971594
1883938
1827216
1722392
1635220
1558732
1494026
1393924
1320244
1216250
1087664
996690
904712
830180
759510
691288
611922
550662
508754
460858
398746
349096
286522
228318
177688
115580
59824
21312
2438
0
0
0
0
0
0
0
0
0
0
0
0
0
0
0
0
0
0
0
0
0
0
0
0
0
0
0
0
0
0
0
0
0
0
0
0
0
0
0
0
0
0
0
0
0
0
0
0
0
0
0
0
0
0
0
0
0
0
0
0
0
0
0
0
0
0
0
0
0
0
0
0
0
0
0
0
0
0
0
0
0
0
0
0
0
0
0
0
0
0
0
0
0
0
0
0
0
0
0
0
0
0
0
0
0
0
0
0
0
0
0
0
0
0
0
0
0
0
0
0
0
0
0
0
0
0
0
0
0
0
0
0
0
0
0
0
0
0
0
0
0
0
0
0
0
0
0
0
0
0
0
0
0
0
0
0
0
0
0
0
0
0
0
0
0
0
0
0
0
0
0
0
0
0
0
0
0
0
0
0
0
0
0
0
0
0
0
0
0
0
0
0
0
0
0
0
0
0
0
0
0
0
0
0
0
0
0
0
0
0
0
0
0
0
0
0
0
0
0
0
0
0
0
0
0
0
0
0
0
0
0
0
0
0
0
0
0
0
0
0
0
0
0
0
0
0
0
0
0
0
0
0
0
0
0
0
0
0
0
0
0
0
0
0
0
0
0
0
0
0
0
0
0
0
0
0
0
0
0
0
0
0
0
0
0
0
0
0
0
0
0
0
0
0
0
0
0
0
0
0
0
0
0
0
0
0
0
0
0
0
0
0
0
0
0
0
0
0
0
0
0
0
0
0
0
0
0
0
0
0
0
0
0
0
0
0
0
0
0
0
0
0
0
0
0
0
0
0
0
0
0
0
0
0
0
0
0
0
0
0
0
