396417
1183760
1945330
2673856
3385481
4078628
4759628
5440444
6118679
6763032
7400742
8043595
8699337
9352492
10001374
10651541
11287712
11904683
12511883
13077509
13664186
14256036
14840978
15397038
15938279
16496999
17033266
17577485
18131953
18653094
19182126
19738348
20287277
20796794
21323437
21848803
22406591
22946971
23474412
23961450
24462156
24916110
25409963
25899262
26414368
26912221
27425062
27917492
28434007
28919327
29421474
29904311
30372333
30802087
31215743
31614325
32061676
32487058
32966904
33374536
33806722
34229633
34634653
35055404
35503974
35899868
36244560
36590369
36964044
37367877
37750035
38102196
38442701
38744337
39060342
39412368
39757351
40097662
40480371
40791490
41119230
41424982
41709109
41985135
42285769
42598895
42910361
43206224
43529838
43770425
43989935
44237941
44474834
44713701
44963295
45160495
45342536
45464384
45628018
45772956
45876743
46065004
46223385
46391456
46502762
46605811
46796064
46984601
47067781
47091266
47136327
47211284
47287463
47267960
47314829
47387473
47453241
47522767
47574163
47618893
47660578
47689852
47742636
47796079
47859703
47886689
47906645
47980893
48048889
48084280
48110882
48127014
48116645
48092879
48131089
48120223
48142682
48140602
48119899
48102467
48080707
48038681
48035517
48047233
47999207
47913940
47844944
47756689
47705274
47653958
47623851
47535982
47481640
47331986
47281544
47147080
47009274
46907285
46806314
46675441
46559765
46432836
46249529
46034058
45840732
45688707
45478809
45269466
45003469
44760623
44536091
44230105
43937134
43745488
43490108
43291471
43103185
42856321
42603727
42421937
42224091
42047780
41867624
41665595
41467396
41308975
41105753
40847465
40641449
40379378
40071128
39692213
39392295
39087859
38815588
38565411
38279824
38015699
37754384
37459943
37189064
36961323
36746869
36522431
36244425
35951114
35751307
35459550
35167530
34953427
34713355
34472602
34234430
33967678
33726945
33518100
33303508
33072784
32828208
32540772
32282377
31950997
31608248
31320359
31051200
30817484
30511310
30223709
29937425
29674324
29390157
29130852
28847465
28588041
28261914
27937091
27652414
27332208
27086833
26846903
26584175
26317163
26071615
25809071
25525028
25274366
25024936
24795414
24578824
24338996
24109130
23846793
23573380
23303989
23061251
22820104
22599659
22348331
22103527
21890073
21670218
21469050
21258812
21036756
20769940
20530503
20276826
20006044
19694164
19442593
19191589
18959796
18740685
18493624
18194608
17913690
17603785
17260748
16926277
16617820
16357636
16117640
15844982
15564953
15325309
15127812
14925735
14692214
14453249
14207181
13937520
13622533
13333361
13067359
12795135
12496732
12209071
11921133
11593456
11287785
11036703
10796249
10563476
10314770
10042441
9694053
9303732
8965595
8676069
8423240
8175113
7933351
7699638
7469646
7266120
7099057
6914348
6751452
6618103
6461762
6304166
6156791
6035680
5903992
5769136
5630671
5479749
5354343
5217859
5069900
4908600
4689461
4517621
4348210
4165864
3965289
3781615
3607765
3434050
3249072
3078413
2930588
2751076
2563455
2390952
2248411
2109271
1977143
1837385
1672749
1487888
1331984
1185564
1038227
892731
715981
528679
363505
214577
69849
0
0
0
0
0
0
0
0
0
0
0
0
0
0
0
0
0
0
0
0
0
0
0
0
0
0
0
0
0
0
0
0
0
0
0
0
0
0
0
0
0
0
0
0
0
0
0
0
0
0
0
0
0
0
0
0
0
0
0
0
0
0
0
0
0
0
0
0
0
0
0
0
0
0
0
0
0
0
0
0
0
0
0
0
0
0
0
0
0
0
0
0
0
0
0
0
0
0
0
0
0
0
0
0
0
0
0
0
0
0
0
0
0
0
0
0
0
0
0
0
0
0
0
0
0
0
0
0
0
0
0
0
0
0
0
0
0
0
0
0
0
0
0
0
0
0
0
0
0
0
0
0
0
0
0
0
0
0
0
0
0
0
0
0
0
0
0
0
0
0
0
0
0
0
0
0
0
0
0
0
0
0
0
0
0
0
0
0
0
0
0
0
0
0
0
0
0
0
0
0
0
0
0
0
0
0
0
0
0
0
0
0
0
0
0
0
0
0
0
0
0
0
0
0
0
0
0
0
0
0
0
0
0
0
0
0
0
0
0
0
0
0
0
0
0
0
0
0
0
0
0
0
0
0
0
0
0
0
0
0
0
0
0
0
0
0
0
0
0
0
0
0
0
0
0
0
0
0
0
0
0
0
0
0
0
0
0
0
0
0
0
0
0
0
0
0
0
0
0
0
0
0
0
0
0
0
0
0
0
0
0
0
0
0
0
0
0
0
0
0
0
0
0
0
0
0
0
0
0
0
0
0
0
0
0
0
0
0
0
0
0
0
0
0
0
0
0
0
0
0
0
0
0
0
0
0
0
0
0
0
0
